========================================================================================================================
ENSEMBLE CONVERGENCE — Risky Debt Model
Density levels: [100, 150, 200, 250, 300, 350, 400]
Ensemble: 3 members per level (capital-heavy, balanced, debt-heavy)
========================================================================================================================

 Level         Config          mean_K          mean_B   mean_leverage        mean_inv           std_K           std_B    std_leverage      std_output          ac_inv     ac_leverage       ac_output   inaction_rate
---------------------------------------------------------------------------------------------------------------------------------------------------------------------------------------------------------------------
   100 (150, 50)  K-heavy        7.674467       38.358818        5.108120        0.155455        1.241147        1.095440        0.696383        0.963836       -0.061455        0.799541        0.757523        0.278998
   100 (100,100) balanced        7.556708       38.490002        5.212717        0.155354        1.266204        1.190030        0.731182        0.968469        0.033081        0.813562        0.765713        0.283483
   100 ( 50,150)  D-heavy        7.419253       38.098824        5.265578        0.155933        1.308012        1.239906        0.764987        0.972712        0.002019        0.815612        0.770623        0.296711
   100                    MEAN        7.550143       38.315881        5.195472        0.155581        1.271788        1.175125        0.730851        0.968339       -0.008785        0.809571        0.764620        0.286397

   150 (200,100)  K-heavy        7.522927       38.473000        5.236344        0.154848        1.279897        1.186204        0.738776        0.968689        0.065410        0.832125        0.768781        0.262150
   150 (150,150) balanced        7.257906       38.175735        5.400713        0.155015        1.307574        1.171655        0.807442        0.962851        0.064031        0.841524        0.776265        0.267990
   150 (100,200)  D-heavy        7.325478       38.379459        5.381615        0.155017        1.339797        1.263969        0.801585        0.971771        0.086516        0.846195        0.777945        0.268367
   150                    MEAN        7.368770       38.342731        5.339557        0.154960        1.309089        1.207276        0.782601        0.967771        0.071986        0.839948        0.774330        0.266169

   200 (250,150)  K-heavy        7.219453       38.255619        5.433617        0.155000        1.273713        1.172934        0.788628        0.955059        0.041283        0.833015        0.774056        0.267216
   200 (200,200) balanced        7.374754       38.615112        5.377316        0.154931        1.345264        1.284576        0.797225        0.975596        0.096497        0.846645        0.778330        0.263676
   200 (150,250)  D-heavy        7.508381       38.749821        5.296396        0.155583        1.338854        1.327337        0.783808        0.981130        0.056582        0.825640        0.773739        0.292336
   200                    MEAN        7.367529       38.540184        5.369110        0.155171        1.319277        1.261616        0.789887        0.970595        0.064787        0.835100        0.775375        0.274409

   250 (300,200)  K-heavy        7.427335       38.598438        5.336227        0.155222        1.337026        1.287866        0.800011        0.976983        0.078297        0.838202        0.775939        0.277765
   250 (250,250) balanced        7.476080       38.824856        5.322300        0.154922        1.309138        1.297027        0.759128        0.973962        0.080449        0.836769        0.773374        0.262617
   250 (200,300)  D-heavy        7.510890       38.832203        5.303493        0.155434        1.332229        1.336482        0.775701        0.980015        0.063032        0.825542        0.773442        0.289450
   250                    MEAN        7.471435       38.751832        5.320673        0.155193        1.326131        1.307125        0.778280        0.976987        0.073926        0.833504        0.774252        0.276611

   300 (350,250)  K-heavy        7.498127       38.846085        5.310594        0.155163        1.313697        1.311851        0.763656        0.976092        0.063940        0.830514        0.772767        0.275893
   300 (300,300) balanced        7.435656       38.808918        5.355285        0.155043        1.329878        1.323065        0.784325        0.975733        0.085642        0.838302        0.775679        0.269598
   300 (250,350)  D-heavy        7.504967       38.851704        5.310216        0.155298        1.337942        1.357543        0.771217        0.981156        0.079275        0.830200        0.774661        0.282864
   300                    MEAN        7.479583       38.835569        5.325365        0.155168        1.327172        1.330820        0.773066        0.977660        0.076286        0.833005        0.774369        0.276118

   350 (400,300)  K-heavy        7.426349       38.808216        5.366790        0.155212        1.347805        1.339046        0.801416        0.978977        0.091153        0.838743        0.776925        0.278732
   350 (350,350) balanced        7.454976       38.833458        5.346543        0.155279        1.338953        1.357141        0.790100        0.979353        0.085249        0.833181        0.775953        0.280943
   350 (300,400)  D-heavy        7.432038       38.780880        5.360813        0.155315        1.355362        1.350920        0.807972        0.980913        0.084069        0.837697        0.777564        0.281594
   350                    MEAN        7.437788       38.807518        5.358048        0.155269        1.347373        1.349036        0.799829        0.979748        0.086824        0.836540        0.776814        0.280423

   400 (450,350)  K-heavy        7.413218       38.780045        5.373779        0.155203        1.353993        1.365511        0.806550        0.979693        0.095681        0.839423        0.778046        0.276985
   400 (400,400) balanced        7.448050       38.847713        5.353268        0.155208        1.337078        1.331832        0.789536        0.977848        0.077495        0.834586        0.775651        0.278900
   400 (350,450)  D-heavy        7.478180       38.861134        5.328305        0.155323        1.321584        1.352262        0.769051        0.976914        0.062379        0.825553        0.773442        0.284530
   400                    MEAN        7.446483       38.829631        5.351784        0.155245        1.337552        1.349868        0.788379        0.978152        0.078518        0.833187        0.775713        0.280138

========================================================================================================================
GOLDEN ENSEMBLE MOMENTS  (density level 400, ≈ 160000 total grid points)
========================================================================================================================
  Mean Capital                     7.446483
  Mean Debt                       38.829631
  Mean Leverage                    5.351784
  Mean Inv. Rate                   0.155245
  Std Capital                      1.337552
  Std Debt                         1.349868
  Std Leverage                     0.788379
  Std Output                       0.978152
  Autocorr(Inv Rate)               0.078518
  Autocorr(Leverage)               0.833187
  Autocorr(Output)                 0.775713
  Inaction Rate                    0.280138
